# concentrations for different S and grain sizes (from 0.38 to 4.57 micrometers) 
# S      0.38       0.49       0.67       0.81       1.14       1.86       3.02       4.57       
0.200  1.914e+03  2.315e+03  1.913e+03  1.736e+03  1.363e+03  9.025e+02  5.778e+02  3.431e+02  
0.400  6.360e+02  9.232e+02  1.084e+03  1.134e+03  1.090e+03  7.978e+02  5.416e+02  3.401e+02  
0.600  2.144e+02  3.138e+02  5.435e+02  6.605e+02  7.942e+02  6.842e+02  5.026e+02  3.354e+02  
0.800  8.501e+01  1.214e+02  2.645e+02  3.625e+02  5.368e+02  5.695e+02  4.607e+02  3.288e+02  
1.000  4.076e+01  5.707e+01  1.343e+02  1.986e+02  3.464e+02  4.616e+02  4.173e+02  3.203e+02  
1.200  2.295e+01  3.166e+01  7.376e+01  1.129e+02  2.200e+02  3.659e+02  3.736e+02  3.099e+02  
1.400  1.458e+01  1.989e+01  4.407e+01  6.797e+01  1.409e+02  2.851e+02  3.310e+02  2.977e+02  
1.600  1.013e+01  1.368e+01  2.846e+01  4.347e+01  9.237e+01  2.196e+02  2.903e+02  2.840e+02  
1.800  7.504e+00  1.005e+01  1.963e+01  2.943e+01  6.255e+01  1.681e+02  2.524e+02  2.687e+02  
2.000  5.839e+00  7.761e+00  1.430e+01  2.096e+01  4.385e+01  1.286e+02  2.178e+02  2.522e+02  
2.200  4.714e+00  6.224e+00  1.088e+01  1.559e+01  3.181e+01  9.873e+01  1.867e+02  2.348e+02  
2.400  3.916e+00  5.140e+00  8.582e+00  1.203e+01  2.382e+01  7.628e+01  1.593e+02  2.167e+02  
2.600  3.328e+00  4.345e+00  6.971e+00  9.569e+00  1.836e+01  5.947e+01  1.355e+02  1.985e+02  
2.800  2.880e+00  3.743e+00  5.799e+00  7.810e+00  1.452e+01  4.685e+01  1.149e+02  1.804e+02  
3.000  2.530e+00  3.274e+00  4.921e+00  6.513e+00  1.175e+01  3.734e+01  9.736e+01  1.628e+02  
3.200  2.250e+00  2.901e+00  4.245e+00  5.532e+00  9.692e+00  3.012e+01  8.251e+01  1.461e+02  
3.400  2.022e+00  2.598e+00  3.714e+00  4.772e+00  8.136e+00  2.459e+01  7.000e+01  1.304e+02  
3.600  1.834e+00  2.348e+00  3.288e+00  4.171e+00  6.934e+00  2.031e+01  5.950e+01  1.159e+02  
3.800  1.675e+00  2.140e+00  2.941e+00  3.688e+00  5.989e+00  1.696e+01  5.071e+01  1.027e+02  
4.000  1.541e+00  1.962e+00  2.653e+00  3.293e+00  5.233e+00  1.432e+01  4.336e+01  9.079e+01  
4.200  1.425e+00  1.811e+00  2.412e+00  2.966e+00  4.620e+00  1.222e+01  3.721e+01  8.014e+01  
4.400  1.325e+00  1.680e+00  2.208e+00  2.692e+00  4.116e+00  1.052e+01  3.206e+01  7.069e+01  
4.600  1.237e+00  1.565e+00  2.033e+00  2.459e+00  3.696e+00  9.141e+00  2.774e+01  6.236e+01  
4.800  1.160e+00  1.465e+00  1.882e+00  2.260e+00  3.344e+00  8.008e+00  2.412e+01  5.503e+01  
5.000  1.091e+00  1.376e+00  1.750e+00  2.088e+00  3.044e+00  7.070e+00  2.106e+01  4.862e+01  
5.200  1.030e+00  1.297e+00  1.634e+00  1.938e+00  2.788e+00  6.285e+00  1.848e+01  4.302e+01  
5.400  9.750e-01  1.226e+00  1.532e+00  1.806e+00  2.566e+00  5.625e+00  1.628e+01  3.814e+01  
5.600  9.254e-01  1.162e+00  1.441e+00  1.690e+00  2.374e+00  5.064e+00  1.442e+01  3.388e+01  
5.800  8.805e-01  1.104e+00  1.359e+00  1.587e+00  2.205e+00  4.585e+00  1.282e+01  3.017e+01  
6.000  8.396e-01  1.051e+00  1.286e+00  1.495e+00  2.056e+00  4.173e+00  1.145e+01  2.693e+01  
