# data from Lewis+ 1994 GeCoA 
isotope & xe 124 & xe 126 & xe 128 & xe 129 & xe 130 & xe 131 & xe 132 & xe 134 & xe 136
mean     0.00720  0.0062    0.4582   1.7811   1.000     1.5828  3.1411   0.7041   0.6462 
slope    0.01193  0.00867   0.0169   2.403    1.000     1.873   1.673    1.029    1.000
xe-G    -0.00042  0.00068   0.4474   0.245    1.000     0.385   2.072    0.046    0.0071               
Xe-N     0.0293   0.0223    0.490    6.24     1.00      5.06    6.24     2.61     1.305   #xe130/xe132  xe132
KJA      0.176    0.164     16.04    47.60    35.32     44.09   1.00     18.25    16.36   0.3532       23.45 
KJB      0.164    0.154     16.441   45.18    36.02     42.27   1.00     17.20    15.40   0.3602       38.15
KJC      0.168    0.159     16.35    45.36    36.04     42.37   1.00     17.23    15.43   0.3604       25.30
KJD      0.178    0.170     16.18    46.79    35.58     43.21   1.00     17.81    15.75   0.3558       16.74
KJE      0.202    0.181     15.83    49.92    34.65     45.60   1.00     19.37    16.77   0.3465        9.24
KJF      0.212    0.200     15.35    54.8     32.9      49.3    1.00     21.34    18.37   0.3291        5.21
KJG      0.29     0.19      13.16    71.6     27.2      61.3    1.00     29.7     24.5    0.2716        2.06
KJH      0.8      0.5       8.4      97       16.1      82      1.00     41.3     33.7    0.1606        1.28
                                                                                          
